
=== strategy: e6-oplog-N10 ===
workload  bytesWritten  writeAmp  restoreMs  replayMs  restore+replay  peakImage  full/oplog  fidelity
--------  ------------  --------  ---------  --------  --------------  ---------  ----------  --------
W-light   598.0KB       132.41x   2.7ms      0.1ms     2.8ms           1.25MB     6/44        PASS    
W-spike   95.9KB        0.00x     2.2ms      92.9ms    95.1ms          49.25MB    1/4         PASS    
W-churn   405.8KB       1798.65x  3.0ms      18.8ms    21.8ms          3.19MB     4/27        PASS    
W-long    2.14MB        88.50x    2.2ms      0.0ms     2.2ms           1.25MB     21/180      PASS    
W-bigctx  218.6KB       662.13x   3.3ms      0.0ms     3.3ms           4.63MB     1/4         PASS    

r2Dir: /tmp/claude-501/engram-e6-e6-oplog-N10-1780403311181
[
  {
    "workload": "W-light",
    "bytesWritten": 612400,
    "sqliteBytes": 612400,
    "r2Bytes": 0,
    "writeAmp": 132.4108108108108,
    "restoreMs": 2.745749999999994,
    "replayMs": 0.07445799999999991,
    "restorePlusReplayMs": 2.820207999999994,
    "peakImage": 1310748,
    "heapDelta": 4625,
    "fullCount": 6,
    "oplogCount": 44,
    "replayedCells": 0,
    "fidelityPass": true,
    "restoredGeneration": 2,
    "inMemoryFresh": true
  },
  {
    "workload": "W-spike",
    "bytesWritten": 98184,
    "sqliteBytes": 98184,
    "r2Bytes": 0,
    "writeAmp": 0.0019506583024754926,
    "restoreMs": 2.208292,
    "replayMs": 92.855333,
    "restorePlusReplayMs": 95.063625,
    "peakImage": 51642396,
    "heapDelta": 50333777,
    "fullCount": 1,
    "oplogCount": 4,
    "replayedCells": 0,
    "fidelityPass": true,
    "restoredGeneration": 2,
    "inMemoryFresh": true
  },
  {
    "workload": "W-churn",
    "bytesWritten": 415489,
    "sqliteBytes": 415489,
    "r2Bytes": 0,
    "writeAmp": 1798.6536796536795,
    "restoreMs": 3.0392909999999915,
    "replayMs": 18.79370799999998,
    "restorePlusReplayMs": 21.832998999999973,
    "peakImage": 3342364,
    "heapDelta": 231,
    "fullCount": 4,
    "oplogCount": 27,
    "replayedCells": 0,
    "fidelityPass": true,
    "restoredGeneration": 2,
    "inMemoryFresh": true
  },
  {
    "workload": "W-long",
    "bytesWritten": 2249078,
    "sqliteBytes": 2249078,
    "r2Bytes": 0,
    "writeAmp": 88.5045647725484,
    "restoreMs": 2.1704580000000533,
    "replayMs": 0.0016660000000001673,
    "restorePlusReplayMs": 2.1721240000000535,
    "peakImage": 1310748,
    "heapDelta": 25412,
    "fullCount": 21,
    "oplogCount": 180,
    "replayedCells": 0,
    "fidelityPass": true,
    "restoredGeneration": 2,
    "inMemoryFresh": true
  },
  {
    "workload": "W-bigctx",
    "bytesWritten": 223801,
    "sqliteBytes": 223801,
    "r2Bytes": 0,
    "writeAmp": 662.1331360946746,
    "restoreMs": 3.3127080000000433,
    "replayMs": 0.03358400000001893,
    "restorePlusReplayMs": 3.346292000000062,
    "peakImage": 4849692,
    "heapDelta": 338,
    "fullCount": 1,
    "oplogCount": 4,
    "replayedCells": 0,
    "fidelityPass": true,
    "restoredGeneration": 2,
    "inMemoryFresh": true
  }
]
